74
55.5
69
0
80.5
63
100
33
0
36
89
98
89
66
69.5
34.5
65
52
29
85.5
49
0
82
45
0
0
8
90.5
95.5
52
58.5
30.5
90
9
22.5
91.5
74
49.5
30
34
66.5
0
91.5
60.5
22
47
12.5
73
0
82
78.5
37
48
28
54.5
12
34.5
80.5
100
95.5
96
62.5
43
47
93
34
0
32
23
56
95.5
0
100
30.5
0
65.5
62
25
0
0
47.5
82
99.5
53
30.5
39.5
12
68
0
37
0
0
100
35
96.5
38
66
100
32.5
40
61
67
100
18
94.5
68
72
98
98
96.5
99.5
70
98
30.5
46
61
96
64.5
91.5
56
97.5
42
96
0
100
33.5
93.5
57
46
65
86.5
60.5
42.5
0
0
95.5
36
59.5
10
94.5
0
83
42
0
69
0
73.5
53
23
56
0
47
59
0
73
98
90
0
49
78
25
17.5
0
80.5
19
98
53
27.5
83
0
0
0
69.5
33.5
3
85.5
26
72.5
51
96
46
0
67
40
61.5
0
96.5
69.5
82
44
100
91.5
36.5
49
26.5
100
39
95
52
37
50
0
71.5
39.5
70
87.5
66
88.5
68
75
55
45
49
86.5
67
27.5
18
35
27
14.5
73.5
96
85.5
74
90
63
99
55.5
63
1
99
47
87.5
36.5
77.5
38
70
28
47.5
50
0
50
100
97
67
99.5
0
54
