97
86
93.5
0
85.5
65
97.5
59
0
42
100
86.5
83
89
99
49.5
36
82.5
41
100
56
0
89
49.5
0
0
27.5
97
86
91
98.5
55
99
61.5
46
97
100
58.5
59.5
87
75
0
100
89.5
49.5
78
48
56.5
0
61
100
41.5
55
54
62
36
43.5
98.5
86
98.5
81
66
50
91
97.5
78
0
49
44
76
99
0
99
58.5
39
90
72
55
0
0
48
100
100
87
64.5
70
61
81
0
47.5
0
0
99
60
100
90
83
100
70.5
51
67
100
100
53
82
85
100
99
100
100
97.5
84.5
100
61.5
48
90
100
77
100
87.5
99.5
48
98
0
100
57
97
92
72
95.5
95.5
71.5
85
0
0
99.5
89
80.5
50.5
100
0
99.5
50
98
95
0
97
71.5
32
89
0
79
38
0
82.5
100
93
0
48.5
91.5
91.5
52.5
0
64.5
41
85
65.5
81
71
0
41
0
77
64.5
43.5
99
73
100
47.5
94
78
0
94.5
46
76.5
53.5
99
100
100
85.5
90
96
43.5
62
71
91.5
66
99
67
68.5
76.5
0
78.5
81
99.5
97
97
72
98.5
100
97.5
78.5
51
97.5
98.5
53.5
53
75
54
63.5
88
91.5
95.5
98.5
94.5
90.5
99
41.5
69
31.5
100
55
89
52
96
71
86.5
59.5
60
86
0
67.5
100
94.5
96
100
0
73
